&FCI NORB= 10,NELEC= 12,MS2= 0,
  ORBSYM=1,5,1,5,2,3,1,6,7,5,
  ISYM=1,
&END
   0.1967197513302177E+01   1   1   1   1
  -0.7411008669266396E-11   2   1   1   1
   0.1967103687430342E+01   2   2   1   1
   0.1540953754172533E+01   2   1   2   1
   0.7405058838794339E-11   2   2   2   1
   0.1967010923669941E+01   2   2   2   2
  -0.1792404170533892E+00   3   1   1   1
   0.4571573341101897E-12   3   2   1   1
   0.6816834372366797E+00   3   3   1   1
   0.4442425905761514E-12   3   1   2   1
  -0.1845066085305204E+00   3   2   2   1
  -0.1715919344547762E-14   3   3   2   1
  -0.1791781408755269E+00   3   1   2   2
  -0.1316663188796318E-11   3   2   2   2
   0.6817532558528097E+00   3   3   2   2
   0.3082577271551024E-01   3   1   3   1
   0.1686203311175713E-15   3   2   3   1
  -0.2532027519713003E-02   3   3   3   1
   0.3066937658309586E-01   3   2   3   2
  -0.5786170154120640E-14   3   3   3   2
   0.6150557466069438E+00   3   3   3   3
   0.1211481856554995E-11   4   1   1   1
  -0.1727484482379074E+00   4   2   1   1
  -0.8450325298715606E-12   4   3   1   1
   0.5891384800510752E+00   4   4   1   1
  -0.1657849528371005E+00   4   1   2   1
  -0.3990403110041760E-12   4   2   2   1
   0.1758386738894542E+00   4   3   2   1
   0.1696640874668254E-15   4   4   2   1
  -0.3824437511470991E-12   4   1   2   2
  -0.1727556227265014E+00   4   2   2   2
   0.8455943736017379E-12   4   3   2   2
   0.5891009520625392E+00   4   4   2   2
  -0.1260580080261493E-12   4   1   3   1
   0.2614585866538380E-01   4   2   3   1
   0.2267350668111109E-13   4   3   3   1
  -0.1176782694934995E-01   4   4   3   1
   0.2630095715496403E-01   4   1   3   2
   0.1260728039976719E-12   4   2   3   2
  -0.9421059667392291E-02   4   3   3   2
  -0.2822308359240466E-13   4   4   3   2
   0.4007363017810572E-13   4   1   3   3
  -0.1676937442041346E-01   4   2   3   3
   0.2172741153660951E-15   4   3   3   3
   0.4524376571558448E+00   4   4   3   3
   0.2752407787192702E-01   4   1   4   1
  -0.3750251079462624E-15   4   2   4   1
  -0.4563496579161551E-02   4   3   4   1
   0.1201572478667923E-13   4   4   4   1
   0.2774564956002058E-01   4   2   4   2
  -0.1111464436112652E-13   4   3   4   2
  -0.5145010532881486E-02   4   4   4   2
   0.6924440341864335E-01   4   3   4   3
   0.1179611963664229E-15   4   4   4   3
   0.4802648027968843E+00   4   4   4   4
  -0.3830345447636060E-15   5   1   1   1
  -0.4799072272256543E-15   5   2   1   1
   0.5587476383815321E-16   5   3   1   1
  -0.1534728441477766E-15   5   4   1   1
   0.6071164722064802E+00   5   5   1   1
  -0.5439547152316407E-15   5   1   2   1
  -0.4355192843071837E-15   5   2   2   1
   0.7855989775171648E-15   5   3   2   1
   0.3890164396972401E-15   5   4   2   1
  -0.2783350264677631E-15   5   5   2   1
  -0.3899232331051668E-15   5   1   2   2
  -0.4797478804227803E-15   5   2   2   2
   0.4474197821692595E-16   5   3   2   2
  -0.1535219342137052E-15   5   4   2   2
   0.6071635936488882E+00   5   5   2   2
   0.4475885644977123E-16   5   1   3   1
   0.9802425878267957E-16   5   2   3   1
  -0.1355421925442554E-16   5   3   3   1
  -0.3173649126111899E-16   5   4   3   1
  -0.2537294189323019E-02   5   5   3   1
   0.9938311951292308E-16   5   1   3   2
   0.4415777444907139E-16   5   2   3   2
  -0.1907927712791586E-16   5   3   3   2
  -0.3976368968103649E-16   5   4   3   2
  -0.5966147714753234E-14   5   5   3   2
  -0.8306185506130879E-16   5   1   3   3
   0.6461479314251134E-16   5   2   3   3
  -0.1473386526452169E-15   5   3   3   3
  -0.4159555963383789E-15   5   4   3   3
   0.5345333886770555E+00   5   5   3   3
   0.6394926713692672E-16   5   1   4   1
   0.5632993451380790E-16   5   2   4   1
  -0.8125893322080391E-16   5   3   4   1
   0.1969359227756899E-17   5   4   4   1
   0.1807592703989558E-13   5   5   4   1
   0.5207001366541386E-16   5   1   4   2
   0.6626383477833356E-16   5   2   4   2
  -0.1603221946857023E-16   5   3   4   2
  -0.2412859529502735E-16   5   4   4   2
  -0.7639495783797357E-02   5   5   4   2
  -0.6048511603498945E-16   5   1   4   3
  -0.5580577170338593E-16   5   2   4   3
  -0.9460847683996329E-16   5   3   4   3
   0.1352325777278036E-15   5   4   4   3
   0.4232725281383409E-15   5   5   4   3
  -0.3115258634990274E-16   5   1   4   4
   0.6755077604038879E-17   5   2   4   4
   0.6543040255863507E-16   5   3   4   4
  -0.2969531780329050E-15   5   4   4   4
   0.4499303821075381E+00   5   5   4   4
   0.9537088186450359E-02   5   1   5   1
   0.1346767986574234E-14   5   2   5   1
   0.1618277085268034E-01   5   3   5   1
  -0.2539470844438278E-13   5   4   5   1
  -0.1034955659503819E-16   5   5   5   1
   0.8978903260224430E-02   5   2   5   2
   0.3889694556030721E-13   5   3   5   2
   0.1058186087808703E-01   5   4   5   2
   0.1871594751115657E-15   5   5   5   2
   0.9431136383768100E-01   5   3   5   3
   0.2177077962350893E-15   5   4   5   3
   0.1536453291399591E-15   5   5   5   3
   0.4457799707842362E-01   5   4   5   4
   0.2012049664273990E-16   5   5   5   4
   0.5192575236959867E+00   5   5   5   5
   0.6659811172108839E-16   6   1   1   1
  -0.2325071933671237E-15   6   2   1   1
   0.5259045730567838E-16   6   3   1   1
  -0.1069803928107918E-15   6   4   1   1
  -0.7263013044497119E-15   6   5   1   1
   0.6071164722064807E+00   6   6   1   1
  -0.3648063808404641E-15   6   1   2   1
  -0.2988120575309630E-16   6   2   2   1
   0.4891083350458170E-15   6   3   2   1
  -0.1473634628063608E-15   6   4   2   1
   0.2790875975776898E-15   6   5   2   1
  -0.7234881096995771E-15   6   6   2   1
   0.6089798134987592E-16   6   1   2   2
  -0.2292750168591645E-15   6   2   2   2
   0.4320748041239258E-16   6   3   2   2
  -0.1034424307488454E-15   6   4   2   2
  -0.7263576764393151E-15   6   5   2   2
   0.6071635936488886E+00   6   6   2   2
   0.2920104040286457E-17   6   1   3   1
   0.6195621720301845E-16   6   2   3   1
   0.2531794740918089E-16   6   3   3   1
  -0.2873010053008286E-16   6   4   3   1
   0.3035397924208759E-17   6   5   3   1
  -0.2537294189323010E-02   6   6   3   1
   0.6482328883625507E-16   6   1   3   2
   0.4095322641001596E-18   6   2   3   2
  -0.1440323905769084E-16   6   3   3   2
   0.8959507582391541E-17   6   4   3   2
  -0.9571446416761182E-17   6   5   3   2
  -0.5943162628696541E-14   6   6   3   2
   0.5894446503723251E-16   6   1   3   3
   0.1112445491330246E-15   6   2   3   3
   0.1603042345051089E-15   6   3   3   3
  -0.2974653704412302E-15   6   4   3   3
  -0.6394692208833955E-15   6   5   3   3
   0.5345333886770558E+00   6   6   3   3
   0.3845982780667230E-16   6   1   4   1
  -0.2994895420185956E-17   6   2   4   1
  -0.6400147516588837E-16   6   3   4   1
   0.8164289986236216E-17   6   4   4   1
  -0.3044044930363838E-17   6   5   4   1
   0.1810904941626501E-13   6   6   4   1
  -0.7377851736527262E-17   6   1   4   2
   0.4054646673938909E-16   6   2   4   2
  -0.4481422825669908E-17   6   3   4   2
  -0.1634026908707755E-16   6   4   4   2
   0.9139227820536070E-17   6   5   4   2
  -0.7639495783797359E-02   6   6   4   2
  -0.5270794501266303E-16   6   1   4   3
  -0.1441829655643201E-16   6   2   4   3
  -0.1203483278080626E-15   6   3   4   3
  -0.3372836765320347E-16   6   4   4   3
   0.1148443176940116E-15   6   5   4   3
   0.3122502256758253E-15   6   6   4   3
   0.3068403288250816E-16   6   1   4   4
   0.5426543316782322E-16   6   2   4   4
   0.5858837330618139E-16   6   3   4   4
  -0.2233087470138117E-15   6   4   4   4
  -0.5382575475970934E-15   6   5   4   4
   0.4499303821075384E+00   6   6   4   4
  -0.1140934220631730E-16   6   1   5   1
   0.1313976002521070E-16   6   2   5   1
  -0.1935965851362346E-16   6   3   5   1
   0.1634551259199775E-16   6   4   5   1
  -0.8281230814649988E-17   6   5   5   1
  -0.4302197166277405E-16   6   6   5   1
   0.1283103228284742E-16   6   1   5   2
  -0.1074157834439515E-16   6   2   5   2
   0.1529102738329261E-16   6   3   5   2
  -0.1265921731836682E-16   6   4   5   2
   0.3865394948479205E-16   6   5   5   2
   0.8928106115357105E-16   6   6   5   2
  -0.1935965851363199E-16   6   1   5   3
   0.1883455613184809E-16   6   2   5   3
  -0.1128259069148045E-15   6   3   5   3
   0.6994712768371809E-16   6   4   5   3
  -0.4290340287017043E-16   6   5   5   3
   0.2472657907671154E-16   6   6   5   3
   0.1528624100922201E-16   6   1   5   4
  -0.1265921731836947E-16   6   2   5   4
   0.5608706322562112E-16   6   3   5   4
  -0.5332923567381586E-16   6   4   5   4
   0.7607542257959358E-16   6   5   5   4
  -0.1730539003751304E-15   6   6   5   4
   0.2851733889930273E-16   6   1   5   5
   0.1247510349063708E-15   6   2   5   5
   0.2512362233921937E-16   6   3   5   5
  -0.1070361401632826E-15   6   4   5   5
  -0.6211945056182902E-15   6   5   5   5
   0.4768456014649359E+00   6   6   5   5
   0.9537088186450365E-02   6   1   6   1
   0.1337848729639646E-14   6   2   6   1
   0.1618277085268035E-01   6   3   6   1
  -0.2540597398258126E-13   6   4   6   1
   0.1633620753386801E-16   6   5   6   1
   0.1195487727000236E-16   6   6   6   1
   0.8978903260224437E-02   6   2   6   2
   0.3888165830967516E-13   6   3   6   2
   0.1058186087808703E-01   6   4   6   2
   0.4893920697899707E-16   6   5   6   2
   0.2020589338759557E-15   6   6   6   2
   0.9431136383768106E-01   6   3   6   3
   0.1726049858596923E-15   6   4   6   3
   0.6445937503162410E-16   6   5   6   3
  -0.6068318340112363E-16   6   6   6   3
   0.4457799707842364E-01   6   4   6   4
   0.9658719850893468E-16   6   5   6   4
   0.4511470499590408E-16   6   6   6   4
   0.2120596111552550E-01   6   5   6   5
  -0.6211945056182908E-15   6   6   6   5
   0.5192575236959873E+00   6   6   6   6
  -0.5791337334356592E-01   7   1   1   1
   0.6541054979966208E-13   7   2   1   1
  -0.6628139459381685E-01   7   3   1   1
  -0.9805404914669386E-12   7   4   1   1
   0.3100473224941892E-16   7   5   1   1
  -0.5115337351960551E-16   7   6   1   1
   0.6187899477365261E+00   7   7   1   1
   0.1024993968079036E-12   7   1   2   1
  -0.4261309059796062E-01   7   2   2   1
  -0.1128612109910047E-15   7   3   2   1
   0.2038233768120367E+00   7   4   2   1
   0.8968144490530794E-15   7   5   2   1
   0.7220957598292907E-15   7   6   2   1
  -0.6937945227006304E-15   7   7   2   1
  -0.5799507467166813E-01   7   1   2   2
  -0.3445082354157705E-12   7   2   2   2
  -0.6633623593044902E-01   7   3   2   2
   0.9791491089844830E-12   7   4   2   2
   0.2868954755981500E-16   7   5   2   2
  -0.5286569987633993E-16   7   6   2   2
   0.6187562090636926E+00   7   7   2   2
   0.4465805127596510E-02   7   1   3   1
  -0.9849637923851906E-15   7   2   3   1
  -0.6226922593181506E-02   7   3   3   1
   0.2608971253013209E-13   7   4   3   1
  -0.1099442701529250E-16   7   5   3   1
   0.8792144395272463E-17   7   6   3   1
  -0.7098384788552753E-02   7   7   3   1
  -0.9866781870704333E-15   7   1   3   2
   0.4866737020723538E-02   7   2   3   2
  -0.1500188862024743E-13   7   3   3   2
  -0.1085805511521436E-01   7   4   3   2
  -0.4653535657368033E-16   7   5   3   2
  -0.3635183113741598E-16   7   6   3   2
  -0.1693697265769956E-13   7   7   3   2
  -0.2174286965670480E-01   7   1   3   3
  -0.5245413478571770E-13   7   2   3   3
  -0.1002985600782431E+00   7   3   3   3
  -0.9289444213855802E-15   7   4   3   3
  -0.4853837430258328E-16   7   5   3   3
   0.1282656217379773E-16   7   6   3   3
   0.4965536580452805E+00   7   7   3   3
  -0.5665702248450113E-13   7   1   4   1
   0.1154295489832527E-01   7   2   4   1
  -0.1423119028219968E-13   7   3   4   1
   0.2632368166506820E-02   7   4   4   1
   0.3167012742282859E-17   7   5   4   1
  -0.8156210643608853E-18   7   6   4   1
   0.1179422228284044E-13   7   7   4   1
   0.1202982848518339E-01   7   1   4   2
   0.5666312959205083E-13   7   2   4   2
   0.5903419218315184E-02   7   3   4   2
   0.6194914373147675E-14   7   4   4   2
  -0.5861438176293491E-19   7   5   4   2
  -0.6888952900602054E-17   7   6   4   2
  -0.5044699838810696E-02   7   7   4   2
  -0.7606545601723802E-14   7   1   4   3
   0.3110364156835790E-02   7   2   4   3
  -0.4523291463609524E-15   7   3   4   3
   0.9565230669096134E-01   7   4   4   3
   0.4058179293224728E-15   7   5   4   3
   0.3173670613319451E-15   7   6   4   3
   0.1387778780781446E-16   7   7   4   3
   0.4859420234938371E-02   7   1   4   4
   0.1146001696317178E-13   7   2   4   4
   0.4705526324826679E-02   7   3   4   4
  -0.7285838599102590E-16   7   4   4   4
   0.1029051795990698E-15   7   5   4   4
  -0.7784892621548923E-16   7   6   4   4
   0.4902977986642928E+00   7   7   4   4
   0.1371986513823681E-16   7   1   5   1
   0.4832522479793610E-16   7   2   5   1
  -0.2399447289842096E-17   7   3   5   1
   0.3453880027287566E-16   7   4   5   1
   0.2808432974754020E-02   7   5   5   1
  -0.3359764767400689E-17   7   6   5   1
  -0.4682195816913287E-16   7   7   5   1
   0.4848695231059402E-16   7   1   5   2
   0.1000129409539651E-16   7   2   5   2
   0.1833575151224637E-16   7   3   5   2
  -0.5832639793166435E-16   7   4   5   2
   0.6753603752629456E-14   7   5   5   2
   0.5722065580975806E-17   7   6   5   2
   0.1013387000173858E-15   7   7   5   2
  -0.1024452146231904E-16   7   1   5   3
   0.1173655574359439E-16   7   2   5   3
  -0.5332039221406130E-16   7   3   5   3
   0.4050705159371079E-15   7   4   5   3
   0.4328020476365071E-02   7   5   5   3
  -0.5177666990714176E-17   7   6   5   3
   0.1199619068752294E-16   7   7   5   3
   0.6641866433575609E-16   7   1   5   4
   0.2492496011767851E-19   7   2   5   4
   0.2605326526709089E-15   7   3   5   4
   0.2294800341172774E-15   7   4   5   4
   0.5767955557622884E-16   7   5   5   4
   0.3313075829926789E-16   7   6   5   4
   0.5151536144049132E-16   7   7   5   4
  -0.8677965600962095E-02   7   1   5   5
  -0.2102680009274938E-13   7   2   5   5
  -0.5027513259751364E-01   7   3   5   5
  -0.1526556658859598E-15   7   4   5   5
   0.2414705142677227E-16   7   5   5   5
  -0.3190925155163776E-16   7   6   5   5
   0.4672164371545804E+00   7   7   5   5
  -0.2072083677969614E-17   7   1   6   1
   0.3608483655844489E-16   7   2   6   1
   0.1401432547425252E-17   7   3   6   1
   0.2396234780144993E-16   7   4   6   1
  -0.3359764767398805E-17   7   5   6   1
   0.2808432974754022E-02   7   6   6   1
   0.2563709880677075E-16   7   7   6   1
   0.3315520381310304E-16   7   1   6   2
  -0.3407668909186238E-17   7   2   6   2
   0.2824564772821437E-17   7   3   6   2
  -0.2990282910566666E-16   7   4   6   2
   0.4933790292725309E-17   7   5   6   2
   0.6750080095568878E-14   7   6   6   2
   0.1358555101484069E-15   7   7   6   2
   0.5383836515671056E-17   7   1   6   3
   0.1912010990220557E-16   7   2   6   3
   0.3632841758870762E-16   7   3   6   3
   0.2913840576458050E-15   7   4   6   3
  -0.5177666990714303E-17   7   5   6   3
   0.4328020476365073E-02   7   6   6   3
   0.2654980890434440E-16   7   7   6   3
   0.4771847216295568E-16   7   1   6   4
  -0.9529524902027043E-17   7   2   6   4
   0.1791708047980921E-15   7   3   6   4
  -0.1004392756415747E-15   7   4   6   4
   0.3083642480743575E-16   7   5   6   4
   0.3816391647148976E-16   7   6   6   4
   0.7052853034891037E-16   7   7   6   4
   0.1038156272226128E-16   7   1   6   5
   0.5050331653071729E-17   7   2   6   5
   0.6014479273504301E-16   7   3   6   5
   0.1477633890006469E-15   7   4   6   5
  -0.6670132865603310E-17   7   5   6   5
   0.6979033271455444E-17   7   6   6   5
  -0.5589370792918987E-15   7   7   6   5
  -0.8677965600962102E-02   7   1   6   6
  -0.2103005269926683E-13   7   2   6   6
  -0.5027513259751366E-01   7   3   6   6
  -0.2636779683484749E-15   7   4   6   6
   0.1018898488386225E-16   7   5   6   6
  -0.4524951728284660E-16   7   6   6   6
   0.4672164371545807E+00   7   7   6   6
   0.1286163306206810E-01   7   1   7   1
   0.2726795568855356E-14   7   2   7   1
   0.1518687061063730E-01   7   3   7   1
  -0.3612829978759391E-13   7   4   7   1
   0.1623187921538611E-16   7   5   7   1
  -0.9083720599098202E-17   7   6   7   1
   0.2213995317655972E-04   7   7   7   1
   0.1171527537075736E-01   7   2   7   2
   0.3645949644623392E-13   7   3   7   2
   0.1499848029624127E-01   7   4   7   2
   0.7061691725762715E-16   7   5   7   2
   0.5507475119391936E-16   7   6   7   2
  -0.1483188571960170E-15   7   7   7   2
   0.6298540152334760E-01   7   3   7   3
  -0.2081668171172169E-15   7   4   7   3
   0.4060167993522952E-16   7   5   7   3
  -0.3116041951969608E-16   7   6   7   3
  -0.2331875115382047E-01   7   7   7   3
   0.1763312380268230E+00   7   4   7   4
   0.6745803904468977E-15   7   5   7   4
   0.5376039335992240E-15   7   6   7   4
  -0.5551115123125783E-15   7   7   7   4
   0.2285704797176262E-01   7   5   7   5
  -0.2734418273547138E-16   7   6   7   5
   0.4902651142253410E-16   7   7   7   5
   0.2285704797176263E-01   7   6   7   6
  -0.6665186577479728E-16   7   7   7   6
   0.5241743639933298E+00   7   7   7   7
  -0.1262123566129615E-15   8   1   1   1
   0.2391784832083605E-15   8   2   1   1
   0.6842950482212769E-16   8   3   1   1
  -0.1500842806488832E-15   8   4   1   1
   0.1163448094918147E-11   8   5   1   1
  -0.2314582737297985E-15   8   6   1   1
   0.8002563069768329E-16   8   7   1   1
   0.6420552967050696E+00   8   8   1   1
   0.7378320074918537E-16   8   1   2   1
  -0.9437199285962798E-16   8   2   2   1
   0.1393265814368020E-15   8   3   2   1
   0.1106165435182789E-14   8   4   2   1
  -0.2420869003576265E+00   8   5   2   1
  -0.6367705005566724E-15   8   6   2   1
   0.2797066233576769E-15   8   7   2   1
  -0.5885998069152243E-15   8   8   2   1
  -0.1264865582289132E-15   8   1   2   2
   0.2474872812062997E-15   8   2   2   2
   0.6801158082119828E-16   8   3   2   2
  -0.1396740272865909E-15   8   4   2   2
  -0.1164126561532634E-11   8   5   2   2
  -0.2314686176116475E-15   8   6   2   2
   0.7991046838779855E-16   8   7   2   2
   0.6420959521607875E+00   8   8   2   2
   0.4313264227334786E-17   8   1   3   1
  -0.8346644744363677E-17   8   2   3   1
  -0.6046757036823512E-17   8   3   3   1
   0.6847950323470482E-17   8   4   3   1
  -0.1997683838012368E-13   8   5   3   1
   0.4097775655995586E-17   8   6   3   1
  -0.7656309207746738E-17   8   7   3   1
  -0.6453335174449519E-02   8   8   3   1
  -0.2007028360752847E-17   8   1   3   2
   0.3073396454336026E-17   8   2   3   2
   0.1470268253786413E-16   8   3   3   2
  -0.5474697742267287E-16   8   4   3   2
   0.8302489308323814E-02   8   5   3   2
   0.2183835748617604E-16   8   6   3   2
  -0.1267214981248816E-17   8   7   3   2
  -0.1534970067718078E-13   8   8   3   2
  -0.6624247606366083E-16   8   1   3   3
   0.1592808638666310E-15   8   2   3   3
   0.7247998612570461E-16   8   3   3   3
  -0.1674019314493620E-16   8   4   3   3
  -0.1214306433183765E-16   8   5   3   3
  -0.1658365172135756E-15   8   6   3   3
   0.3810649263430645E-16   8   7   3   3
   0.5195916854295221E+00   8   8   3   3
  -0.1353343940113556E-16   8   1   4   1
   0.5707950630511042E-16   8   2   4   1
  -0.4844287394586885E-17   8   3   4   1
   0.4468374487370553E-16   8   4   4   1
   0.2640473486217039E-02   8   5   4   1
   0.6945339136647909E-17   8   6   4   1
  -0.7166696264904343E-17   8   7   4   1
   0.1823107637077825E-13   8   8   4   1
   0.5457945963289069E-16   8   1   4   2
  -0.1057928242772410E-16   8   2   4   2
   0.3981069418112753E-16   8   3   4   2
   0.1668219094272417E-16   8   4   4   2
   0.6468946472243386E-14   8   5   4   2
   0.2589848593381203E-17   8   6   4   2
   0.2000889686361785E-16   8   7   4   2
  -0.7690572992408118E-02   8   8   4   2
   0.8403877051951647E-17   8   1   4   3
   0.5834304938774880E-16   8   2   4   3
   0.9034828649946349E-16   8   3   4   3
   0.7471779402048940E-15   8   4   4   3
  -0.9961856110961925E-01   8   5   4   3
  -0.2620305391526700E-15   8   6   4   3
   0.1278750655690392E-15   8   7   4   3
   0.1942890293094024E-15   8   8   4   3
   0.5229976853261319E-16   8   1   4   4
   0.1221554979342910E-15   8   2   4   4
   0.3962039856628070E-15   8   3   4   4
  -0.1216661502187231E-15   8   4   4   4
  -0.7372574772901430E-15   8   5   4   4
  -0.1689301644261634E-15   8   6   4   4
   0.3453020604071274E-15   8   7   4   4
   0.4726895193827882E+00   8   8   4   4
   0.5415510484577937E-13   8   1   5   1
  -0.1156777206023983E-01   8   2   5   1
   0.2722513986713575E-13   8   3   5   1
  -0.1476191275503275E-01   8   4   5   1
  -0.9088281003520674E-16   8   5   5   1
  -0.4858406229645722E-16   8   6   5   1
   0.1297331925047274E-13   8   7   5   1
  -0.4040589005764064E-16   8   8   5   1
  -0.1095988113631634E-01   8   1   5   2
  -0.5414822100901703E-13   8   2   5   2
  -0.1131201337037414E-01   8   3   5   2
  -0.3550282355428702E-13   8   4   5   2
   0.5933073193169511E-16   8   5   5   2
   0.1282571558234672E-16   8   6   5   2
  -0.5397629990707138E-02   8   7   5   2
   0.9808718358009367E-16   8   8   5   2
   0.4400061044684822E-13   8   1   5   3
  -0.1828929033427588E-01   8   2   5   3
   0.1977584762613560E-15   8   3   5   3
  -0.6830782335482452E-01   8   4   5   3
  -0.7255685367154211E-15   8   5   5   3
  -0.2183407058039376E-15   8   6   5   3
   0.7372574772901430E-17   8   7   5   3
   0.1802232806469991E-16   8   8   5   3
  -0.1267618642473861E-01   8   1   5   4
  -0.3050706388896263E-13   8   2   5   4
  -0.4101708710748988E-01   8   3   5   4
  -0.2949029909160572E-15   8   4   5   4
  -0.2815987976155115E-15   8   5   5   4
   0.3880072363715718E-16   8   6   5   4
  -0.3000208499920489E-01   8   7   5   4
  -0.2615883803567342E-15   8   8   5   4
  -0.1720020592086916E-15   8   1   5   5
   0.1001907095934105E-15   8   2   5   5
  -0.2982418388796280E-15   8   3   5   5
  -0.2668929483882470E-15   8   4   5   5
  -0.7077671781985367E-15   8   5   5   5
  -0.2042130425985161E-15   8   6   5   5
  -0.1962570872997042E-15   8   7   5   5
   0.5182910259288006E+00   8   8   5   5
  -0.6384649714472597E-17   8   1   6   1
  -0.3042715650554558E-16   8   2   6   1
  -0.3051762674471442E-17   8   3   6   1
  -0.3882882783126453E-16   8   4   6   1
  -0.1492669013803844E-16   8   5   6   1
   0.2598508779423304E-17   8   6   6   1
  -0.4176564900020921E-17   8   7   6   1
   0.2517370025045417E-16   8   8   6   1
  -0.2882819758897973E-16   8   1   6   2
  -0.7222206914298516E-17   8   2   6   2
  -0.2975442457034117E-16   8   3   6   2
  -0.9213713074714601E-17   8   4   6   2
   0.3509262629716979E-16   8   5   6   2
   0.1847736720705470E-17   8   6   6   2
  -0.1419759411156612E-16   8   7   6   2
   0.1268267498029333E-15   8   8   6   2
  -0.3051762674427297E-17   8   1   6   3
  -0.4810702497235749E-16   8   2   6   3
   0.1098859131599007E-16   8   3   6   3
  -0.1796726993708969E-15   8   4   6   3
  -0.2820515587081471E-15   8   5   6   3
   0.2700716244135134E-16   8   6   6   3
  -0.1507296914069027E-16   8   7   6   3
   0.2068066989016071E-16   8   8   6   3
  -0.3334266151080824E-16   8   1   6   4
  -0.9213713074701384E-17   8   2   6   4
  -0.1078888244272158E-15   8   3   6   4
  -0.3790919696219326E-16   8   4   6   4
   0.1015926377527020E-15   8   5   6   4
  -0.8107875732430583E-17   8   6   6   4
  -0.7891564002209590E-16   8   7   6   4
  -0.4524651291306155E-16   8   8   6   4
  -0.4183034149372176E-16   8   1   6   5
   0.1600313732017015E-16   8   2   6   5
  -0.1273362260550027E-15   8   3   6   5
   0.4953746922340343E-16   8   4   6   5
  -0.1756365550909642E-15   8   5   6   5
  -0.3209238430557112E-16   8   6   6   5
  -0.1051822789153334E-15   8   7   6   5
  -0.4654673323830129E-15   8   8   6   5
  -0.5783629843848887E-16   8   1   6   6
   0.1243906386034240E-15   8   2   6   6
   0.6355523674371687E-16   8   3   6   6
  -0.1053485100606986E-15   8   4   6   6
  -0.5342948306008565E-15   8   5   6   6
  -0.1665930736848074E-15   8   6   6   6
   0.5785441699113529E-16   8   7   6   6
   0.4778977630522493E+00   8   8   6   6
   0.3594472258226513E-17   8   1   7   1
   0.1050140869860315E-16   8   2   7   1
  -0.7669290372189740E-17   8   3   7   1
   0.1548950853334723E-16   8   4   7   1
   0.1060513710269412E-13   8   5   7   1
  -0.3413707005990933E-18   8   6   7   1
   0.2864006373331421E-17   8   7   7   1
  -0.4781925981114858E-02   8   8   7   1
   0.1246933345328977E-16   8   1   7   2
   0.3412003675346545E-17   8   2   7   2
   0.2085205006975976E-16   8   3   7   2
   0.2080646515013247E-16   8   4   7   2
  -0.4380772009489677E-02   8   5   7   2
  -0.1152291338848444E-16   8   6   7   2
   0.1703088327819301E-16   8   7   7   2
  -0.1167599003593089E-13   8   8   7   2
   0.8466770621457834E-18   8   1   7   3
   0.1550173515499558E-16   8   2   7   3
  -0.3430300257887937E-16   8   3   7   3
   0.8861723817410336E-16   8   4   7   3
   0.2740863092043355E-15   8   5   7   3
   0.5804204944948575E-18   8   6   7   3
   0.1742273371306094E-16   8   7   7   3
  -0.3078448980310622E-01   8   8   7   3
   0.1443381356227587E-16   8   1   7   4
  -0.4088108858744014E-17   8   2   7   4
   0.1249184702642912E-15   8   3   7   4
   0.7202224491734917E-15   8   4   7   4
  -0.1281733088104963E+00   8   5   7   4
  -0.3371391921194196E-15   8   6   7   4
   0.1720700872278255E-15   8   7   7   4
  -0.3608224830031759E-15   8   8   7   4
   0.9243907722611411E-14   8   1   7   5
  -0.3845500630343922E-02   8   2   7   5
   0.1994931997373331E-16   8   3   7   5
  -0.2548449777020618E-01   8   4   7   5
  -0.6722491058084851E-15   8   5   7   5
  -0.8693728929783525E-16   8   6   7   5
  -0.3122502256758244E-16   8   7   7   5
  -0.3984972195541017E-17   8   8   7   5
  -0.4176564900030683E-17   8   1   7   6
  -0.1011496845826923E-16   8   2   7   6
  -0.1507296914069016E-16   8   3   7   6
  -0.6703285629084588E-16   8   4   7   6
  -0.4517089065617415E-15   8   5   7   6
   0.1642751894969499E-17   8   6   7   6
  -0.1261950717876219E-16   8   7   7   6
  -0.5339499607198664E-16   8   8   7   6
  -0.5629551908045705E-16   8   1   7   7
   0.1386885747278219E-15   8   2   7   7
   0.6014491727919293E-16   8   3   7   7
  -0.4064815063865988E-16   8   4   7   7
  -0.3747002708109903E-15   8   5   7   7
  -0.1692684502705012E-15   8   6   7   7
   0.7955601805852308E-16   8   7   7   7
   0.4834411854644396E+00   8   8   7   7
   0.1339622581052620E-01   8   1   8   1
  -0.1638448017125989E-14   8   2   8   1
   0.1335929853344837E-01   8   3   8   1
  -0.4189477811975678E-13   8   4   8   1
   0.1652965033967793E-16   8   5   8   1
  -0.1044966379076190E-16   8   6   8   1
   0.6710475544826607E-02   8   7   8   1
  -0.6356188970795098E-16   8   8   8   1
   0.1407087367022068E-01   8   2   8   2
   0.3206348354141061E-13   8   3   8   2
   0.1742849322043480E-01   8   4   8   2
   0.1029766561760932E-15   8   5   8   2
   0.6021843797207176E-16   8   6   8   2
   0.1612666705903820E-13   8   7   8   2
   0.1376586261584449E-15   8   8   8   2
   0.4320388235849369E-01   8   3   8   3
  -0.5811323644522304E-16   8   4   8   3
  -0.6299216544484556E-16   8   5   8   3
  -0.2900244292565122E-16   8   6   8   3
   0.2074242675735464E-01   8   7   8   3
   0.4770154457818049E-16   8   8   8   3
   0.7233049558563918E-01   8   4   8   4
  -0.4512939869723970E-15   8   5   8   4
   0.1773201806466874E-15   8   6   8   4
   0.6158268339717665E-16   8   7   8   4
  -0.1164079903728162E-15   8   8   8   4
   0.1652025555073902E+00   8   5   8   5
   0.3705116627401107E-15   8   6   8   5
  -0.1375142987093689E-15   8   7   8   5
  -0.4718447854656921E-15   8   8   8   5
   0.1673185649829795E-01   8   6   8   6
  -0.2249152609750789E-16   8   7   8   6
  -0.1892487296933127E-15   8   8   8   6
   0.2887578998846061E-01   8   7   8   7
   0.8108674102133974E-16   8   8   8   7
   0.5339206895088040E+00   8   8   8   8
   0.9248304578251806E-16   9   1   1   1
  -0.3236637835501984E-16   9   2   1   1
  -0.1191550512997050E-17   9   3   1   1
   0.2833603596120486E-16   9   4   1   1
  -0.2971075500168553E-16   9   5   1   1
   0.1164214449671241E-11   9   6   1   1
  -0.9541167866439455E-17   9   7   1   1
   0.1640455569669095E-15   9   8   1   1
   0.6420552967050710E+00   9   9   1   1
  -0.1466504829948460E-15   9   1   2   1
   0.3550901472708500E-16   9   2   2   1
  -0.1648194710299727E-16   9   3   2   1
   0.8411672225704029E-15   9   4   2   1
   0.8645288324406157E-15   9   5   2   1
  -0.2420869003576268E+00   9   6   2   1
  -0.1233150088273387E-15   9   7   2   1
  -0.1910079448400428E-15   9   8   2   1
  -0.9992007221626409E-15   9   9   2   1
   0.8849050086104631E-16   9   1   2   2
  -0.2534129118582508E-16   9   2   2   2
  -0.5260973886353992E-17   9   3   2   2
   0.3709678645145510E-16   9   4   2   2
  -0.2971010128918864E-16   9   5   2   2
  -0.1163386281841788E-11   9   6   2   2
  -0.1151830219698806E-16   9   7   2   2
   0.1640559444611519E-15   9   8   2   2
   0.6420959521607890E+00   9   9   2   2
  -0.6985151969996061E-17   9   1   3   1
   0.8461670842655618E-17   9   2   3   1
   0.2978497772826569E-18   9   3   3   1
  -0.2093701780738751E-16   9   4   3   1
   0.1339951291242751E-17   9   5   3   1
  -0.1999968116464523E-13   9   6   3   1
   0.3481425886635834E-17   9   7   3   1
  -0.1648831445552573E-17   9   8   3   1
  -0.6453335174449517E-02   9   9   3   1
   0.1523163344246379E-16   9   1   3   2
  -0.8403805864637165E-17   9   2   3   2
  -0.1886468158901810E-17   9   3   3   2
  -0.3565260202385287E-16   9   4   3   2
  -0.2964944149176053E-16   9   5   3   2
   0.8302489308323807E-02   9   6   3   2
   0.2361633298707144E-17   9   7   3   2
   0.6550711407745309E-17   9   8   3   2
  -0.1534189442153888E-13   9   9   3   2
   0.3054806228026586E-16   9   1   3   3
   0.4008414685756982E-16   9   2   3   3
  -0.1439543196255971E-16   9   3   3   3
  -0.5522536238688763E-16   9   4   3   3
  -0.1141996021204415E-16   9   5   3   3
   0.5663872149064275E-15   9   6   3   3
   0.1295363611958074E-16   9   7   3   3
   0.1327560225242375E-15   9   8   3   3
   0.5195916854295233E+00   9   9   3   3
   0.9601473428337246E-17   9   1   4   1
   0.3160479277244578E-16   9   2   4   1
  -0.1413551654130030E-16   9   3   4   1
   0.4241007087107306E-16   9   4   4   1
  -0.9429529052408281E-17   9   5   4   1
   0.2640473486217026E-02   9   6   4   1
  -0.3270374263696826E-17   9   7   4   1
   0.2083348637464516E-17   9   8   4   1
   0.1820245343342464E-13   9   9   4   1
   0.2696887650155515E-16   9   1   4   2
   0.1203500732707204E-16   9   2   4   2
   0.3470193340376032E-16   9   3   4   2
   0.1538712656395310E-17   9   4   4   2
   0.2485501392770784E-18   9   5   4   2
   0.6443901402058971E-14   9   6   4   2
   0.1296937427754384E-16   9   7   4   2
  -0.1964946534041999E-17   9   8   4   2
  -0.7690572992408140E-02   9   9   4   2
  -0.3233863072302251E-16   9   1   4   3
   0.5744396435468260E-16   9   2   4   3
  -0.5335969098688462E-16   9   3   4   3
   0.5914877711555490E-15   9   4   4   3
   0.3557529060774738E-15   9   5   4   3
  -0.9961856110961934E-01   9   6   4   3
  -0.6615180114486288E-16   9   7   4   3
  -0.7859961277277383E-16   9   8   4   3
   0.1110223024625157E-15   9   9   4   3
   0.1162670538578822E-15   9   1   4   4
   0.3872067211372593E-16   9   2   4   4
   0.3046269226431049E-15   9   3   4   4
  -0.2042725061332383E-16   9   4   4   4
  -0.2100784828461205E-16   9   5   4   4
  -0.2237793284010081E-15   9   6   4   4
   0.1926380747057922E-15   9   7   4   4
   0.1207724877858236E-15   9   8   4   4
   0.4726895193827892E+00   9   9   4   4
  -0.1534245777171915E-17   9   1   5   1
   0.4131025866498721E-16   9   2   5   1
   0.4189199650969327E-18   9   3   5   1
   0.5271701682266653E-16   9   4   5   1
  -0.8475038769480388E-18   9   5   5   1
  -0.2780250361087215E-16   9   6   5   1
  -0.1343673847757243E-17   9   7   5   1
  -0.5828984335658736E-17   9   8   5   1
  -0.4849386269340500E-16   9   9   5   1
   0.3913938849425737E-16   9   1   5   2
  -0.1914861082805085E-17   9   2   5   2
   0.4039690581025006E-16   9   3   5   2
  -0.2529412221102303E-17   9   4   5   2
   0.8609085404476627E-17   9   5   5   2
   0.6524483118424046E-16   9   6   5   2
   0.1927575076106221E-16   9   7   5   2
   0.1454242103693794E-17   9   8   5   2
   0.9512701234024314E-16   9   9   5   2
   0.4189199650369440E-18   9   1   5   3
   0.6531381415310474E-16   9   2   5   3
   0.1361642464908851E-16   9   3   5   3
   0.2439375393062083E-15   9   4   5   3
  -0.1123735222104347E-16   9   5   5   3
  -0.4585517863798118E-15   9   6   5   3
  -0.5424908885318447E-17   9   7   5   3
  -0.3116371139960930E-16   9   8   5   3
   0.2239332598959825E-16   9   9   5   3
   0.4526857353037742E-16   9   1   5   4
  -0.2529412221119948E-17   9   2   5   4
   0.1464782042100128E-15   9   3   5   4
  -0.1030403812125063E-16   9   4   5   4
   0.1810725912794044E-16   9   5   5   4
  -0.2151549204818563E-15   9   6   5   4
   0.1071419704115752E-15   9   7   5   4
  -0.7488866785304473E-16   9   8   5   4
  -0.6757901624152999E-16   9   9   5   4
   0.2757767852004211E-16   9   1   5   5
   0.5634016619158022E-16   9   2   5   5
  -0.1954709656770384E-17   9   3   5   5
   0.2953726394762327E-16   9   4   5   5
  -0.1322802913423916E-16   9   5   5   5
  -0.1040834085586076E-15   9   6   5   5
  -0.9669613529094513E-18   9   7   5   5
  -0.2214723627631946E-16   9   8   5   5
   0.4778977630522502E+00   9   9   5   5
   0.5416594432640538E-13   9   1   6   1
  -0.1156777206023985E-01   9   2   6   1
   0.2724256502892666E-13   9   3   6   1
  -0.1476191275503277E-01   9   4   6   1
  -0.6567881520375808E-16   9   5   6   1
  -0.6435825631144390E-16   9   6   6   1
   0.1297901808814186E-13   9   7   6   1
   0.4043986317882135E-17   9   8   6   1
   0.1351573157913680E-16   9   9   6   1
  -0.1095988113631636E-01   9   1   6   2
  -0.5413679622862447E-13   9   2   6   2
  -0.1131201337037415E-01   9   3   6   2
  -0.3549068048995518E-13   9   4   6   2
  -0.7761835973250811E-17   9   5   6   2
   0.5652742728399353E-16   9   6   6   2
  -0.5397629990707144E-02   9   7   6   2
   0.1480085619925494E-17   9   8   6   2
   0.1297352340103211E-15   9   9   6   2
   0.4401513875595953E-13   9   1   6   3
  -0.1828929033427592E-01   9   2   6   3
   0.2927345865710862E-15   9   3   6   3
  -0.6830782335482463E-01   9   4   6   3
  -0.2940239127769607E-15   9   5   6   3
  -0.5116296167331293E-15   9   6   6   3
   0.2385244779468110E-16   9   7   6   3
  -0.2185498962449591E-17   9   8   6   3
  -0.4164675290905725E-16   9   9   6   3
  -0.1267618642473864E-01   9   1   6   4
  -0.3049427030332730E-13   9   2   6   4
  -0.4101708710748994E-01   9   3   6   4
  -0.2116362640691705E-15   9   4   6   4
  -0.5833600140122515E-16   9   5   6   4
   0.1585006205177994E-15   9   6   6   4
  -0.3000208499920493E-01   9   7   6   4
  -0.9700468205760256E-16   9   8   6   4
  -0.1950238486191516E-15   9   9   6   4
  -0.5708288038510148E-16   9   1   6   5
  -0.1209996450500677E-16   9   2   6   5
  -0.1808985378116725E-15   9   3   6   5
  -0.8077221916377406E-16   9   4   6   5
  -0.2428612866367476E-16   9   5   6   5
  -0.1732414038804774E-15   9   6   6   5
  -0.1270557521454199E-15   9   7   6   5
   0.2019663143827579E-01   9   8   6   5
  -0.7159657216992733E-15   9   9   6   5
  -0.5608300446740172E-16   9   1   6   6
   0.8834644083192112E-16   9   2   6   6
  -0.2566271617667768E-15   9   3   6   6
   0.1286122023944288E-15   9   4   6   6
  -0.5563830046892383E-16   9   5   6   6
  -0.1387778780781436E-16   9   6   6   6
  -0.2113315191835768E-15   9   7   6   6
   0.2283511530399392E-15   9   8   6   6
   0.5182910259288021E+00   9   9   6   6
  -0.3899067716047032E-17   9   1   7   1
  -0.5999230668000374E-17   9   2   7   1
   0.4805372049055055E-17   9   3   7   1
  -0.1276734877241051E-16   9   4   7   1
  -0.9927954211281025E-18   9   5   7   1
   0.1058684119103342E-13   9   6   7   1
  -0.3597425224153219E-17   9   7   7   1
  -0.1221785280742086E-17   9   8   7   1
  -0.4781925981114854E-02   9   9   7   1
  -0.4149491198570737E-17   9   1   7   2
  -0.5944853634374203E-17   9   2   7   2
  -0.8497366843140673E-17   9   3   7   2
   0.7415772674843457E-17   9   4   7   2
   0.1564439754880253E-16   9   5   7   2
  -0.4380772009489690E-02   9   6   7   2
   0.2654329990306326E-17   9   7   7   2
  -0.3456454096070489E-17   9   8   7   2
  -0.1168509733417977E-13   9   9   7   2
   0.1240670087616931E-17   9   1   7   3
  -0.2011628662534330E-16   9   2   7   3
   0.3133214851455501E-16   9   3   7   3
  -0.5312575505940877E-16   9   4   7   3
  -0.4758178360425958E-17   9   5   7   3
   0.2220446049250313E-15   9   6   7   3
  -0.1299246382002187E-16   9   7   7   3
  -0.7865457697460568E-17   9   8   7   3
  -0.3078448980310623E-01   9   9   7   3
  -0.3607420791732557E-16   9   1   7   4
   0.4705104410913506E-18   9   2   7   4
  -0.5804833427460079E-16   9   3   7   4
   0.5251523143366355E-15   9   4   7   4
   0.4577262167109986E-15   9   5   7   4
  -0.1281733088104965E+00   9   6   7   4
  -0.6814787951987615E-16   9   7   7   4
  -0.1011294715371813E-15   9   8   7   4
  -0.5342948306008566E-15   9   9   7   4
  -0.1343673847744038E-17   9   1   7   5
   0.1373286272486801E-16   9   2   7   5
  -0.5424908885318403E-17   9   3   7   5
   0.9100898507959349E-16   9   4   7   5
   0.3304072301808296E-17   9   5   7   5
  -0.5623976035444982E-15   9   6   7   5
  -0.2635333510201637E-17   9   7   7   5
   0.4023148713385843E-17   9   8   7   5
   0.3554133766981186E-16   9   9   7   5
   0.9247377169563364E-14   9   1   7   6
  -0.3845500630343929E-02   9   2   7   6
   0.3035766082959411E-16   9   3   7   6
  -0.2548449777020621E-01   9   4   7   6
  -0.1114942541589567E-15   9   5   7   6
  -0.5353421235577699E-15   9   6   7   6
  -0.3469446951953658E-17   9   7   7   6
  -0.1976315493267726E-16   9   8   7   6
  -0.4534869864521492E-16   9   9   7   6
   0.2575368872113221E-16   9   1   7   7
   0.4908881642651849E-16   9   2   7   7
  -0.2764339908715801E-17   9   3   7   7
  -0.3749487185247314E-17   9   4   7   7
  -0.1942572317513039E-16   9   5   7   7
   0.1942890293094024E-15   9   6   7   7
  -0.1123044572441258E-16   9   7   7   7
   0.1235195456478614E-15   9   8   7   7
   0.4834411854644408E+00   9   9   7   7
   0.3422744638405896E-17   9   1   8   1
  -0.8949468306522849E-17   9   2   8   1
   0.3413309694442280E-17   9   3   8   1
  -0.1103797595911054E-16   9   4   8   1
  -0.5183315754826008E-17   9   5   8   1
  -0.2264099332860232E-17   9   6   8   1
   0.1714530981852940E-17   9   7   8   1
   0.2698550424029266E-17   9   8   8   1
  -0.6227493700503815E-16   9   9   8   1
  -0.8824978525532077E-17   9   1   8   2
   0.3595117616890158E-17   9   2   8   2
  -0.1096336159022283E-16   9   3   8   2
   0.4452991653646367E-17   9   4   8   2
   0.3428463672525096E-17   9   5   8   2
   0.2701022682534335E-16   9   6   8   2
  -0.3805371412501583E-17   9   7   8   2
   0.1302069343951504E-16   9   8   8   2
   0.1322939049076648E-15   9   9   8   2
   0.3413309694445700E-17   9   1   8   3
  -0.1239223582894606E-16   9   2   8   3
   0.1103862078696938E-16   9   3   8   3
  -0.4592341929941061E-16   9   4   8   3
  -0.1522467438376743E-16   9   5   8   3
  -0.8962978521439788E-16   9   6   8   3
   0.5299703884850224E-17   9   7   8   3
   0.1253688289569571E-16   9   8   8   3
   0.4681052377723140E-16   9   9   8   3
  -0.1061084075467451E-16   9   1   8   4
   0.4452991653647478E-17   9   2   8   4
  -0.4033455846138581E-16   9   3   8   4
   0.1848048991241988E-16   9   4   8   4
  -0.5535666655508417E-16   9   5   8   4
  -0.5990751584187941E-15   9   6   8   4
  -0.2235219270001417E-16   9   7   8   4
   0.3015560136134120E-16   9   8   8   4
  -0.9709651058120134E-16   9   9   8   4
   0.2479801684948903E-16   9   1   8   5
   0.6003375098322853E-17   9   2   8   5
   0.1366608175992263E-16   9   3   8   5
  -0.4737916211394861E-15   9   4   8   5
  -0.5259362578327966E-15   9   5   8   5
   0.1317388425107945E+00   9   6   8   5
   0.5643219806025155E-16   9   7   8   5
   0.1166153762463426E-15   9   8   8   5
  -0.1942890293094024E-15   9   9   8   5
   0.3551006921671919E-17   9   1   8   6
  -0.2229293566457026E-17   9   2   8   6
  -0.6785917678887178E-17   9   3   8   6
  -0.9246211937552414E-16   9   4   8   6
   0.1673185649829797E-01   9   5   8   6
   0.3948032000342369E-15   9   6   8   6
  -0.1509207626025570E-16   9   7   8   6
  -0.1734723475976805E-17   9   8   8   6
  -0.1392719325675835E-15   9   9   8   6
   0.1714530981852149E-17   9   1   8   7
  -0.3487511354822483E-17   9   2   8   7
   0.5299703884850240E-17   9   3   8   7
  -0.2142703750750810E-16   9   4   8   7
  -0.1870704079885275E-17   9   5   8   7
  -0.1487095813259688E-15   9   6   8   7
   0.7377783620506286E-17   9   7   8   7
   0.3623636650599945E-18   9   8   8   7
   0.6485958856588446E-16   9   9   8   7
   0.3278348961398668E-16   9   1   8   8
   0.5547544721382681E-16   9   2   8   8
   0.1815656179870881E-16   9   3   8   8
   0.3029027677195399E-16   9   4   8   8
   0.1011864253978268E-16   9   5   8   8
   0.8326672684688716E-16   9   6   8   8
  -0.1947301408897603E-17   9   7   8   8
   0.1364170926330215E-15   9   8   8   8
   0.4896522080443713E+00   9   9   8   8
   0.1339622581052623E-01   9   1   9   1
  -0.1656518618022712E-14   9   2   9   1
   0.1335929853344840E-01   9   3   9   1
  -0.4191281653340151E-13   9   4   9   1
   0.1524274275086600E-16   9   5   9   1
   0.9165037303901133E-17   9   6   9   1
   0.6710475544826622E-02   9   7   9   1
  -0.6434763514564686E-18   9   8   9   1
   0.3818059046204540E-16   9   9   9   1
   0.1407087367022072E-01   9   2   9   2
   0.3204295146276917E-13   9   3   9   2
   0.1742849322043484E-01   9   4   9   2
   0.7819572291720721E-16   9   5   9   2
   0.6965027674292000E-16   9   6   9   2
   0.1611924027415668E-13   9   7   9   2
   0.2682360625390287E-17   9   8   9   2
   0.8151683409285703E-16   9   9   9   2
   0.4320388235849378E-01   9   3   9   3
  -0.1457167719820518E-15   9   4   9   3
   0.3342353744843879E-16   9   5   9   3
  -0.3056103554949613E-16   9   6   9   3
   0.2074242675735467E-01   9   7   9   3
   0.4455104004744936E-18   9   8   9   3
   0.4323032759010053E-16   9   9   9   3
   0.7233049558563934E-01   9   4   9   4
   0.2402432908219216E-15   9   5   9   4
  -0.3518281070478835E-15   9   6   9   4
   0.1908195823574488E-16   9   7   9   4
  -0.9655739895808628E-17   9   8   9   4
   0.9060147949463683E-16   9   9   9   4
   0.1673185649829798E-01   9   5   9   5
  -0.5502277951269229E-15   9   6   9   5
   0.2628735887685508E-16   9   7   9   5
   0.3469446951953270E-17   9   8   9   5
  -0.2280957600491985E-16   9   9   9   5
   0.1652025555073907E+00   9   6   9   6
   0.3206996788285828E-16   9   7   9   6
   0.1080910869558291E-15   9   8   9   6
   0.3608224830031759E-15   9   9   9   6
   0.2887578998846068E-01   9   7   9   7
   0.8113576227727603E-17   9   8   9   7
  -0.1222574078777174E-17   9   9   9   7
   0.2213424073221702E-01   9   8   9   8
   0.1364170926330222E-15   9   9   9   8
   0.5339206895088064E+00   9   9   9   9
   0.9124036263661022E-12  10   1   1   1
  -0.1148480376635972E+00  10   2   1   1
  -0.8627391640989805E-12  10   3   1   1
   0.4378273260356388E-01  10   4   1   1
  -0.8701123786898613E-16  10   5   1   1
   0.3564095154423584E-15  10   6   1   1
   0.9197918576960007E-12  10   7   1   1
  -0.3515299894903235E-15  10   8   1   1
   0.2603930026109874E-15  10   9   1   1
   0.7903040142891935E+00  10  10   1   1
  -0.1322373848110278E+00  10   1   2   1
  -0.3177415368847431E-12  10   2   2   1
   0.1794478859104811E+00  10   3   2   1
   0.4700583929799322E-15  10   4   2   1
   0.1157741609278246E-16  10   5   2   1
   0.5343599052926295E-16  10   6   2   1
  -0.1912379635415253E+00  10   7   2   1
   0.9364435329921029E-16  10   8   2   1
  -0.1797816239572131E-15  10   9   2   1
  -0.6106226635438361E-15  10  10   2   1
  -0.3593826354130608E-12  10   1   2   2
  -0.1146910764761839E+00  10   2   2   2
   0.8626133390487317E-12  10   3   2   2
   0.4385187753220779E-01  10   4   2   2
  -0.8633163411090455E-16  10   5   2   2
   0.3595189118683507E-15  10   6   2   2
  -0.9189418431927721E-12  10   7   2   2
  -0.3443813363496025E-15  10   8   2   2
   0.2665177941216916E-15  10   9   2   2
   0.7903862823890954E+00  10  10   2   2
  -0.1228480470764882E-12  10   1   3   1
   0.2571595510895375E-01  10   2   3   1
   0.1376594324811839E-13  10   3   3   1
   0.1233915022234050E-02  10   4   3   1
   0.1795364310523027E-16  10   5   3   1
   0.8990552664745819E-18  10   6   3   1
  -0.1685540677301076E-13  10   7   3   1
   0.9572735490679985E-17  10   8   3   1
  -0.1648137021966004E-16  10   9   3   1
  -0.8296236915142863E-02  10  10   3   1
   0.2535113262480898E-01  10   1   3   2
   0.1226580957029016E-12  10   2   3   2
  -0.5700384484981010E-02  10   3   3   2
   0.2958408257952572E-14  10   4   3   2
  -0.1623810628741268E-16  10   5   3   2
  -0.3121644329915653E-17  10   6   3   2
   0.7012914266288542E-02  10   7   3   2
  -0.1608386925603473E-16  10   8   3   2
   0.2182239315330804E-17  10   9   3   2
  -0.1969605034624067E-13  10  10   3   2
  -0.4016112529342530E-13  10   1   3   3
   0.1683465484686542E-01  10   2   3   3
  -0.7163865854697971E-16  10   3   3   3
   0.5760072595501495E-01  10   4   3   3
   0.7438747201249900E-16  10   5   3   3
   0.3438806338472412E-15  10   6   3   3
   0.4631711680858075E-15  10   7   3   3
  -0.1678134148414531E-15  10   8   3   3
   0.1513359216230047E-15  10   9   3   3
   0.6193936306977559E+00  10  10   3   3
   0.1381245362619559E-01  10   1   4   1
   0.1344783388378817E-14  10   2   4   1
  -0.1074980198560426E-01  10   3   4   1
   0.1727523018298788E-13  10   4   4   1
  -0.3380725496816549E-17  10   5   4   1
   0.8625072092093283E-17  10   6   4   1
   0.2813293690240228E-02  10   7   4   1
   0.4031760695957186E-16  10   8   4   1
   0.3760489263875549E-16  10   9   4   1
   0.4857572677430255E-13  10  10   4   1
   0.1345698183961852E-14  10   1   4   2
   0.1327616318110569E-01  10   2   4   2
  -0.2586909348165729E-13  10   3   4   2
  -0.7202044663561658E-02  10   4   4   2
  -0.5735091344580079E-16  10   5   4   2
  -0.4766707439468613E-16  10   6   4   2
   0.6879045943986029E-14  10   7   4   2
   0.1201400488377326E-16  10   8   4   2
  -0.9032881451511977E-17  10   9   4   2
  -0.2033929993536300E-01  10  10   4   2
  -0.1045876989070914E-01  10   1   4   3
  -0.2498739062883892E-13  10   2   4   3
   0.5025218388679757E-01  10   3   4   3
   0.4475586568020162E-15  10   4   4   3
  -0.1914691958174489E-16  10   5   4   3
   0.4358957531540091E-16  10   6   4   3
  -0.6591117336994604E-01  10   7   4   3
   0.2669522796297901E-15  10   8   4   3
   0.1178367108511575E-15  10   9   4   3
   0.5828670879282072E-15  10  10   4   3
   0.3678220922287423E-13  10   1   4   4
  -0.1521080414002140E-01  10   2   4   4
   0.4547957063033570E-15  10   3   4   4
  -0.1716245707991623E-01  10   4   4   4
  -0.4376163351629425E-15  10   5   4   4
  -0.3252073856071064E-16  10   6   4   4
   0.1665334536937735E-15  10   7   4   4
  -0.2391588686711016E-15  10   8   4   4
   0.1267789484862121E-15  10   9   4   4
   0.4939776706812674E+00  10  10   4   4
   0.3831990318155667E-16  10   1   5   1
   0.2736326775456348E-16  10   2   5   1
  -0.2224976401464207E-16  10   3   5   1
  -0.6866458681910614E-17  10   4   5   1
  -0.1930741638344734E-13  10   5   5   1
   0.1167953571416754E-16  10   6   5   1
  -0.2273135440045943E-16  10   7   5   1
  -0.1047110925748409E-01  10   8   5   1
   0.3739391039894608E-16  10   9   5   1
  -0.7662138511480293E-16  10  10   5   1
   0.3473407472903412E-16  10   1   5   2
   0.3881583974148659E-16  10   2   5   2
  -0.6092222724729670E-16  10   3   5   2
  -0.6537678067905763E-16  10   4   5   2
   0.8040449933435783E-02  10   5   5   2
  -0.9618894466436342E-17  10   6   5   2
   0.4449713517726378E-16  10   7   5   2
  -0.2518612488705552E-13  10   8   5   2
  -0.1451613351200558E-17  10   9   5   2
   0.5691186020803121E-16  10  10   5   2
  -0.4232700449586575E-16  10   1   5   3
  -0.2086378437684036E-16  10   2   5   3
   0.2489148575075330E-15  10   3   5   3
   0.6346944248587981E-17  10   4   5   3
   0.6857578740970816E-16  10   5   5   3
   0.5426553681553893E-16  10   6   5   3
  -0.3335801805254379E-15  10   7   5   3
  -0.5373482189626480E-01  10   8   5   3
   0.1918951532146322E-15  10   9   5   3
  -0.5043893312425530E-17  10  10   5   3
  -0.2916006438943782E-16  10   1   5   4
  -0.9869418786656910E-16  10   2   5   4
   0.7039779621815072E-16  10   3   5   4
  -0.3598122425122681E-15  10   4   5   4
   0.2082417938954895E-01  10   5   5   4
  -0.2491223570286047E-16  10   6   5   4
  -0.1729387159321083E-15  10   7   5   4
  -0.1856154119295184E-15  10   8   5   4
  -0.4079141733651426E-17  10   9   5   4
  -0.2923132592148356E-15  10  10   5   4
  -0.1474688426927884E-13  10   1   5   5
   0.6212568095529765E-02  10   2   5   5
   0.3434752482434076E-15  10   3   5   5
   0.3659395281813712E-01  10   4   5   5
   0.1534933598441502E-15  10   5   5   5
   0.2760037856444329E-15  10   6   5   5
   0.6938893903907284E-16  10   7   5   5
  -0.3059200649682972E-15  10   8   5   5
   0.1834402267454467E-15  10   9   5   5
   0.5469919452836652E+00  10  10   5   5
   0.3661627694321225E-16  10   1   6   1
   0.1930126431492499E-17  10   2   6   1
  -0.1440286666068716E-16  10   3   6   1
   0.1302573305735923E-16  10   4   6   1
   0.1106222170232014E-16  10   5   6   1
  -0.1931535265864664E-13  10   6   6   1
  -0.2094297033302620E-17  10   7   6   1
  -0.2754256208583959E-16  10   8   6   1
  -0.1047110925748411E-01  10   9   6   1
   0.3613623091593895E-16  10  10   6   1
   0.5460827898656874E-17  10   1   6   2
   0.3964134792311537E-16  10   2   6   2
  -0.9898141991855466E-17  10   3   6   2
  -0.3176272594503378E-16  10   4   6   2
  -0.9618894466437804E-17  10   5   6   2
   0.8040449933435789E-02  10   6   6   2
   0.3000564326176584E-16  10   7   6   2
  -0.5789888783757536E-17  10   8   6   2
  -0.2517474076424442E-13  10   9   6   2
   0.1205281821880997E-15  10  10   6   2
  -0.2458107205199134E-16  10   1   6   3
  -0.6855019026343810E-18  10   2   6   3
   0.1341973410927205E-15  10   3   6   3
   0.3279167942630641E-16  10   4   6   3
   0.4216734118731179E-16  10   5   6   3
   0.3531788576871531E-16  10   6   6   3
  -0.1472860390489220E-15  10   7   6   3
  -0.1413407722006477E-15  10   8   6   3
  -0.5373482189626488E-01  10   9   6   3
   0.4951407576351998E-16  10  10   6   3
   0.2145652262732882E-16  10   1   6   4
  -0.5624332099525953E-16  10   2   6   4
  -0.1070759535269794E-16  10   3   6   4
  -0.2168267423375844E-15  10   4   6   4
  -0.2491223570286035E-16  10   5   6   4
   0.2082417938954897E-01  10   6   6   4
   0.9441645003961133E-16  10   7   6   4
  -0.1581823081386555E-16  10   8   6   4
  -0.1595945597898663E-15  10   9   6   4
  -0.1912084180776091E-15  10  10   6   4
  -0.1077377075155942E-16  10   1   6   5
  -0.7432175732894316E-17  10   2   6   5
   0.9250431693459736E-16  10   3   6   5
  -0.4377782004520609E-16  10   4   6   5
   0.7288809584756559E-16  10   5   6   5
   0.8482386505575713E-16  10   6   6   5
  -0.1046793389650673E-15  10   7   6   5
   0.2484659843676198E-16  10   8   6   5
  -0.3769578155321653E-16  10   9   6   5
  -0.6543735536254110E-15  10  10   6   5
  -0.1473951169450594E-13  10   1   6   6
   0.6212568095529769E-02  10   2   6   6
   0.2775557561562891E-15  10   3   6   6
   0.3659395281813714E-01  10   4   6   6
  -0.1615437026736512E-16  10   5   6   6
   0.4217799773395646E-15  10   6   6   6
   0.1457167719820519E-15  10   7   6   6
  -0.2305285018618650E-15  10   8   6   6
   0.2331334236189705E-15  10   9   6   6
   0.5469919452836656E+00  10  10   6   6
   0.4039839277447839E-13  10   1   7   1
  -0.8997724802741813E-02  10   2   7   1
   0.2411208710993706E-13  10   3   7   1
  -0.1183379689635190E-01  10   4   7   1
  -0.5116434735615755E-16  10   5   7   1
  -0.3647593717377421E-16  10   6   7   1
   0.6899998150969311E-14  10   7   7   1
   0.1410153634763903E-16  10   8   7   1
  -0.1608279572706055E-16  10   9   7   1
  -0.2118949039026357E-01  10  10   7   1
  -0.7797993646704770E-02  10   1   7   2
  -0.4034931568551448E-13  10   2   7   2
  -0.1002812695337615E-01  10   3   7   2
  -0.2842845858892773E-13  10   4   7   2
  -0.1405683744976534E-16  10   5   7   2
   0.1254261792005534E-16  10   6   7   2
  -0.2845006509049008E-02  10   7   7   2
   0.4261293981247740E-17  10   8   7   2
  -0.7418040177645528E-17  10   9   7   2
  -0.5107199385623318E-13  10  10   7   2
   0.4538079981242227E-13  10   1   7   3
  -0.1885723216986847E-01  10   2   7   3
   0.9540979117872439E-17  10   3   7   3
  -0.3481189684401913E-01  10   4   7   3
  -0.1435455960293553E-15  10   5   7   3
  -0.1122264274344079E-15  10   6   7   3
   0.2237793284010081E-15  10   7   7   3
   0.5681521096721199E-16  10   8   7   3
  -0.6696117388097964E-16  10   9   7   3
  -0.8724037680523003E-01  10  10   7   3
  -0.2362453879592934E-01  10   1   7   4
  -0.5670333994012289E-13  10   2   7   4
   0.3265127769086729E-01  10   3   7   4
   0.7784571598445922E-16  10   4   7   4
  -0.6642621296164663E-16  10   5   7   4
   0.7436957776699653E-16  10   6   7   4
  -0.1080251747978179E+00  10   7   7   4
   0.1857104988849273E-16  10   8   7   4
  -0.1258454313788483E-15  10   9   7   4
  -0.2220446049250313E-15  10  10   7   4
  -0.1086170408599429E-15  10   1   7   5
  -0.2173352266894815E-16  10   2   7   5
   0.1298723542987304E-15  10   3   7   5
  -0.6340747245840752E-16  10   4   7   5
   0.1379647264487816E-16  10   5   7   5
  -0.5224800736643493E-17  10   6   7   5
  -0.4854589824649008E-15  10   7   7   5
   0.6474573921419818E-02  10   8   7   5
  -0.2312167996106656E-16  10   9   7   5
  -0.5962603520644043E-17  10  10   7   5
  -0.7589070548570867E-16  10   1   7   6
   0.2043504989888904E-16  10   2   7   6
   0.1400572306176112E-15  10   3   7   6
   0.5080607198077721E-16  10   4   7   6
  -0.1698168322633388E-17  10   5   7   6
   0.1544988095791837E-16  10   6   7   6
  -0.3659399553417859E-15  10   7   7   6
   0.1703032122243386E-16  10   8   7   6
   0.6474573921419826E-02  10   9   7   6
  -0.2496914965544197E-16  10  10   7   6
   0.1814173811176545E-13  10   1   7   7
  -0.7458770115648418E-02  10   2   7   7
   0.1561251128379126E-15  10   3   7   7
  -0.1746676330314451E-01  10   4   7   7
  -0.2659720057243379E-15  10   5   7   7
   0.1111818918804703E-15  10   6   7   7
   0.2359223927328458E-15  10   7   7   7
  -0.2470334892023996E-15  10   8   7   7
   0.1693910645708576E-15  10   9   7   7
   0.5430460607081946E+00  10  10   7   7
  -0.1927432028878809E-16  10   1   8   1
   0.9338302547237224E-17  10   2   8   1
   0.3657098762292973E-17  10   3   8   1
   0.4284585865937734E-16  10   4   8   1
  -0.9255605972485301E-02  10   5   8   1
  -0.2434537696729924E-16  10   6   8   1
   0.2131982047661035E-17  10   7   8   1
  -0.2832456491574931E-13  10   8   8   1
  -0.7906706659882366E-17  10   9   8   1
  -0.6718731055721501E-16  10  10   8   1
   0.1024770997064878E-16  10   1   8   2
  -0.1674815621818586E-16  10   2   8   2
  -0.1860444369143537E-16  10   3   8   2
  -0.3753021197950336E-17  10   4   8   2
  -0.2226298030476304E-13  10   5   8   2
  -0.5789888783749778E-17  10   6   8   2
   0.2475968417137330E-16  10   7   8   2
   0.1178433814942345E-01  10   8   8   2
   0.3010906264781719E-17  10   9   8   2
   0.1448229673661075E-15  10  10   8   2
  -0.1339758840269987E-16  10   1   8   3
   0.6521060322238613E-17  10   2   8   3
   0.6675109974854847E-16  10   3   8   3
   0.1588179610904589E-15  10   4   8   3
  -0.2991323961165189E-01  10   5   8   3
  -0.7868194657639253E-16  10   6   8   3
  -0.4538462074084041E-16  10   7   8   3
  -0.5355958732078392E-16  10   8   8   3
  -0.3543860573248794E-16  10   9   8   3
   0.7607996711069323E-16  10  10   8   3
  -0.4458618528459900E-16  10   1   8   4
  -0.3367652578957072E-18  10   2   8   4
   0.3570790576084411E-15  10   3   8   4
  -0.3891512093989155E-16  10   4   8   4
  -0.1318389841742373E-15  10   5   8   4
  -0.1581823081386529E-16  10   6   8   4
  -0.3914984876035577E-15  10   7   8   4
   0.3151152910340010E-01  10   8   8   4
   0.8051216724081583E-17  10   9   8   4
  -0.1119672303648902E-15  10  10   8   4
   0.9345412655562067E-02  10   1   8   5
   0.2238676908780657E-13  10   2   8   5
  -0.8024033869925890E-01  10   3   8   5
  -0.3191891195797325E-15  10   4   8   5
  -0.2353708727778217E-16  10   5   8   5
  -0.2403904615394729E-16  10   6   8   5
   0.9080122843683210E-01  10   7   8   5
   0.6820237044562811E-16  10   8   8   5
   0.8141803015111109E-16  10   9   8   5
  -0.6106226635438361E-15  10  10   8   5
   0.2458159894565937E-16  10   1   8   6
   0.3311843266177414E-17  10   2   8   6
  -0.2110592541888210E-15  10   3   8   6
  -0.2493023973875033E-17  10   4   8   6
   0.1676973609707452E-16  10   5   8   6
  -0.1016939469801973E-16  10   6   8   6
   0.2388379693303008E-15  10   7   8   6
   0.1084996226191154E-15  10   8   8   6
  -0.1889358814816879E-16  10   9   8   6
  -0.1835384539024620E-15  10  10   8   6
  -0.1446037727065539E-16  10   1   8   7
  -0.5023875475925868E-17  10   2   8   7
   0.8112773837981059E-16  10   3   8   7
   0.4797962649879020E-17  10   4   8   7
  -0.4694338314321141E-03  10   5   8   7
  -0.1234769892041518E-17  10   6   8   7
  -0.1201668505592310E-15  10   7   8   7
   0.1778091562876227E-16  10   8   8   7
   0.3080075411131633E-17  10   9   8   7
   0.5284252308843371E-16  10  10   8   7
   0.8647596527744383E-15  10   1   8   8
  -0.2707671873753845E-03  10   2   8   8
   0.1942890293094022E-15  10   3   8   8
   0.2490080119123197E-01  10   4   8   8
  -0.8479999132859847E-16  10   5   8   8
   0.2404926181353711E-15  10   6   8   8
   0.9714451465470148E-16  10   7   8   8
  -0.2573978563307084E-15  10   8   8   8
   0.1793061045030656E-15  10   9   8   8
   0.5483656431814761E+00  10  10   8   8
   0.1654023524747927E-16  10   1   9   1
  -0.1823929571200774E-16  10   2   9   1
  -0.2040630515999317E-16  10   3   9   1
   0.2223733800545627E-16  10   4   9   1
   0.3305316484742978E-16  10   5   9   1
  -0.9255605972485316E-02  10   6   9   1
   0.1293943016567772E-16  10   7   9   1
  -0.7657784144694295E-17  10   8   9   1
  -0.2833931006529511E-13  10   9   9   1
   0.2890114567743704E-16  10  10   9   1
  -0.1491354644476592E-16  10   1   9   2
   0.1805776015014626E-16  10   2   9   2
  -0.7462313551713032E-17  10   3   9   2
   0.4322163560898818E-18  10   4   9   2
  -0.1451613351211058E-17  10   5   9   2
  -0.2225314117004773E-13  10   6   9   2
  -0.5352810344889411E-17  10   7   9   2
   0.3010906264782241E-17  10   8   9   2
   0.1178433814942348E-01  10   9   9   2
   0.6107943167582637E-16  10  10   9   2
  -0.1311903275702142E-17  10   1   9   3
  -0.2052671504903592E-16  10   2   9   3
  -0.1998507781437084E-16  10   3   9   3
   0.6327695784256494E-16  10   4   9   3
   0.1068246901330654E-15  10   5   9   3
  -0.2991323961165194E-01  10   6   9   3
  -0.5520554584842407E-17  10   7   9   3
  -0.3056019178558415E-16  10   8   9   3
  -0.1144917494144693E-15  10   9   9   3
  -0.2471026055650565E-16  10  10   9   3
  -0.4202972028321355E-16  10   1   9   4
   0.2134017992376554E-17  10   2   9   4
   0.2680741262013075E-15  10   3   9   4
  -0.1159496388903057E-16  10   4   9   4
  -0.4079141733651521E-17  10   5   9   4
  -0.1023486850826316E-15  10   6   9   4
  -0.3630099067921254E-15  10   7   9   4
   0.8051216724081987E-17  10   8   9   4
   0.3151152910340016E-01  10   9   9   4
   0.2296923990708322E-16  10  10   9   4
  -0.3337387805723717E-16  10   1   9   5
   0.1902059782949523E-17  10   2   9   5
   0.2865503512492077E-15  10   3   9   5
   0.2659207848697751E-17  10   4   9   5
   0.1751898531753956E-16  10   5   9   5
  -0.2173152631459548E-16  10   6   9   5
  -0.3242648812831360E-15  10   7   9   5
   0.1560170870153979E-16  10   8   9   5
   0.1283016487701157E-15  10   9   9   5
  -0.1705993686231461E-16  10  10   9   5
   0.9345412655562081E-02  10   1   9   6
   0.2239122786924092E-13  10   2   9   6
  -0.8024033869925901E-01  10   3   9   6
  -0.2810252031082427E-15  10   4   9   6
   0.8363833734832894E-17  10   5   9   6
   0.1024967526066721E-16  10   6   9   6
   0.9080122843683223E-01  10   7   9   6
  -0.4120569017631907E-16  10   8   9   6
   0.2055193614717667E-15  10   9   9   6
   0.2775557561562891E-16  10  10   9   6
  -0.8411462086443317E-18  10   1   9   7
  -0.1469477576284864E-17  10   2   9   7
  -0.5063739463598520E-16  10   3   9   7
  -0.2143437780049207E-16  10   4   9   7
   0.1676419011506066E-17  10   5   9   7
  -0.4694338314321176E-03  10   6   9   7
   0.4082738665846577E-16  10   7   9   7
   0.1658014363121370E-17  10   8   9   7
   0.2168404344971009E-16  10   9   9   7
   0.9488484884292566E-17  10  10   9   7
   0.7373583875806988E-17  10   1   9   8
  -0.6918119713008896E-19  10   2   9   8
  -0.6331008479010232E-16  10   3   9   8
   0.6362171328977150E-17  10   4   9   8
   0.5806800753811655E-17  10   5   9   8
  -0.6955225998164748E-17  10   6   9   8
   0.7164268701465973E-16  10   7   9   8
   0.2474742108090390E-16  10   8   9   8
  -0.1263600995357550E-16  10   9   9   8
   0.1401077879403294E-15  10  10   9   8
   0.8795048023202412E-15  10   1   9   9
  -0.2707671873753848E-03  10   2   9   9
   0.9020562075079394E-16  10   3   9   9
   0.2490080119123203E-01  10   4   9   9
  -0.7088953933226916E-16  10   5   9   9
   0.2521062196429949E-15  10   6   9   9
   0.2289834988289386E-15  10   7   9   9
  -0.2321258364235578E-15  10   8   9   9
   0.2288009466648743E-15  10   9   9   9
   0.5483656431814775E+00  10  10   9   9
   0.3399329436234620E-01  10   1  10   1
  -0.2781400394833052E-14  10   2  10   1
   0.6039653073055580E-02  10   3  10   1
  -0.3053920709524503E-13  10   4  10   1
   0.8534430215431748E-17  10   5  10   1
  -0.7333838233171181E-17  10   6  10   1
   0.8540596536168520E-02  10   7  10   1
  -0.6631389933759731E-17  10   8  10   1
   0.6678196736695778E-17  10   9  10   1
  -0.2854866950480206E-13  10  10  10   1
   0.3512796818941825E-01  10   2  10   2
   0.1457731504950210E-13  10   3  10   2
   0.1268575866996920E-01  10   4  10   2
   0.6285060239441297E-16  10   5  10   2
   0.5083557435691255E-16  10   6  10   2
   0.2051332194386024E-13  10   7  10   2
   0.8846896597286029E-17  10   8  10   2
   0.1334612678223425E-16  10   9  10   2
   0.1205676954754547E-01  10  10  10   2
   0.8131751488141896E-01  10   3  10   3
   0.2018784445168009E-15  10   4  10   3
  -0.9419251027962230E-17  10   5  10   3
   0.1275357843550581E-16  10   6  10   3
  -0.5184414273225062E-01  10   7  10   3
   0.1290406737140114E-16  10   8  10   3
  -0.4133475349646476E-16  10   9  10   3
   0.3747002708109903E-15  10  10  10   3
   0.4202169538494270E-01  10   4  10   4
   0.4065415090728005E-16  10   5  10   4
   0.4433876607057533E-16  10   6  10   4
  -0.8673617379884035E-16  10   7  10   4
  -0.1843110692474422E-16  10   8  10   4
   0.1408990614646134E-16  10   9  10   4
   0.3916513075444535E-01  10  10  10   4
   0.3098406154816560E-01  10   5  10   5
  -0.3706663440995820E-16  10   6  10   5
   0.1188528850224388E-16  10   7  10   5
  -0.7285838599102579E-16  10   8  10   5
  -0.4290381465209976E-17  10   9  10   5
  -0.4060202833926324E-16  10  10  10   5
   0.3098406154816562E-01  10   6  10   6
  -0.2250029634631106E-16  10   7  10   6
  -0.1895530284511142E-16  10   8  10   6
  -0.2949029909160572E-16  10   9  10   6
   0.3215225528413418E-15  10  10  10   6
   0.9296141594260710E-01  10   7  10   7
  -0.1543753441044385E-16  10   8  10   7
   0.4757745953617422E-16  10   9  10   7
   0.5828670879282072E-15  10  10  10   7
   0.4136936818654631E-01  10   8  10   8
   0.1056990119125277E-16  10   9  10   8
  -0.2735553362376333E-15  10  10  10   8
   0.4136936818654642E-01  10   9  10   9
   0.2209904730548218E-15  10  10  10   9
   0.6692110849891958E+00  10  10  10  10
  -2.0303433010135581e+01   1   1   0   0
   1.9505230763883219e-14   2   1   0   0
  -2.0303055924086660e+01   2   2   0   0
   4.1710899357566061e-01   3   1   0   0
   9.9892316640648460e-13   3   2   0   0
  -7.0349465500554675e+00   3   3   0   0
  -1.0335066136235582e-12   4   1   0   0
   4.3345197096284999e-01   4   2   0   0
  -4.8849813083506888e-15   4   3   0   0
  -5.7540664095793534e+00   4   4   0   0
   2.5084228782611203e-15   5   1   0   0
  -6.9324185447971947e-16   5   2   0   0
  -5.5381199114101301e-16   5   3   0   0
   1.9864841769182162e-15   5   4   0   0
  -6.0618118716949798e+00   5   5   0   0
   4.2102907961481996e-16   6   1   0   0
  -1.9258839151489927e-15   6   2   0   0
  -2.4397292410867569e-16   6   3   0   0
   1.3438605424679091e-15   6   4   0   0
   7.2518241086372479e-15   6   5   0   0
  -6.0618118718036262e+00   6   6   0   0
   2.0179150485929187e-01   7   1   0   0
   4.8727688550798121e-13   7   2   0   0
   6.7086418865980724e-01   7   3   0   0
   5.1070259132757201e-15   7   4   0   0
  -1.3425949954892936e-16   7   5   0   0
   4.0623248129009666e-16   7   6   0   0
  -5.9762027152077923e+00   7   7   0   0
   8.1412046188757318e-16   8   1   0   0
  -2.0399354443992708e-15   8   2   0   0
  -9.6945678380524252e-16   8   3   0   0
   1.1560688683477080e-15   8   4   0   0
   5.3290705182007545e-15   8   5   0   0
   1.8652341160705988e-15   8   6   0   0
  -5.9956260248876480e-16   8   7   0   0
  -5.8738028456678961e+00   8   8   0   0
  -9.0894529747725119e-16   9   1   0   0
  -4.3802659809795732e-16   9   2   0   0
   1.7626264808041165e-16   9   3   0   0
  -3.9571282188116560e-16   9   4   0   0
   1.2351990781787752e-16   9   5   0   0
  -8.8817841970012523e-16   9   6   0   0
  -1.5704808009474674e-16   9   7   0   0
  -1.5007605487359023e-15   9   8   0   0
  -5.8738028457571723e+00   9   9   0   0
  -4.5208281562736374e-13  10   1   0   0
   1.8723026391466502e-01  10   2   0   0
  -2.6645352591003757e-15  10   3   0   0
  -3.0069486690088487e-01  10   4   0   0
   5.9852675357442705e-16  10   5   0   0
  -2.7545492228046718e-15  10   6   0   0
  -4.4408920985006262e-15  10   7   0   0
   2.5406821457104758e-15  10   8   0   0
  -2.0172571109952771e-15  10   9   0   0
  -6.1773812426311441e+00  10  10   0   0
   1.5331927263433968e+01   0   0   0   0
